WM: [114, 86, 10, 5]
GM: [61, 39, 6, 3]
CSF: [93, 87, 5, 3]
BG: [188, 135, 10, 5]
SNR_WM: 55.17568632676709
SNR_GM: 42.71443396524846
SNR_CSF: 23.792840956956507
