WM: [118, 85, 10, 5]
GM: [105, 105, 5, 3]
CSF: [96, 85, 3, 3]
BG: [185, 135, 10, 5]
SNR_WM: 69.34439138863866
SNR_GM: 55.78912299439948
SNR_CSF: 24.29595729696893
