WM: [170, 88, 8, 6]
GM: [97, 108, 6, 3]
CSF: [93, 59, 5, 3]
BG: [200, 136, 8, 8]
SNR_WM: 156.97948867261618
SNR_GM: 115.97973942270487
SNR_CSF: 54.0705368046849
