WM: [116, 85, 8, 5]
GM: [106, 32, 6, 3]
CSF: [92, 84, 6, 3]
BG: [175, 130, 5, 5]
SNR_WM: 81.28082324127323
SNR_GM: 57.724005445105746
SNR_CSF: 29.546865257189598
