WM: [112, 86, 10, 8]
GM: [112, 32, 5, 3]
CSF: [85, 90, 6, 3]
BG: [174, 137, 10, 5]
SNR_WM: 58.34993322066573
SNR_GM: 48.37806672521206
SNR_CSF: 21.2581161089667
